K = 4;

P = [ 45 49 29 31 ];
R = [ 17 49 41 16 ];
A = [ 4 2 4 2 ];
C = [ 28 29 17 4 ];
N = 10;

M = [
    [ 0 24 14 50 50 42 50 50 50 50 ]
    [ 24 0 38 50 50 50 28 9 50 24 ]
    [ 14 38 0 50 15 2 45 50 9 35 ]
    [ 50 50 50 0 30 21 30 50 50 48 ]
    [ 50 50 15 30 0 50 50 42 35 38 ]
    [ 42 50 2 21 50 0 42 28 50 50 ]
    [ 50 28 45 30 50 42 0 50 50 50 ]
    [ 50 9 50 50 42 28 50 0 42 31 ]
    [ 50 50 9 50 35 50 50 42 0 10 ]
    [ 50 24 35 48 38 50 50 31 10 0 ]
];
